0
-8.74
0.5
18.42
-0
180
-0
1.2
1.2
1
0
11.67
0.5
-14.1
-0
90
-0
1
1
1.5
0
-54.22
0.5
24.23
-0
270
-0
1
1
1
0
-19.01
0.5
-16.67
-0
180
-0
1
1
1
2
-46.23
0.5
-10.54
-0
90
-0
1
1
1
2
-55.9
0.5
45.26
-0
180
-0
1
1
1
2
-11.0877
0.5
44.9
-0
180
-0
1
1
1
2
-25.3
0.5
-5.69
-0
270
-0
1
1
1
2
-18.8
0.5
18.79
-0
180
-0
1
1
1
3
-48.99
0.5
19.88
-0
180
-0
2
1.5
1
3
1.56
0.5
-5.52
-0
0
0
1.5
1.5
1
3
5.57
0.5
-16.08
-0
180
-0
1.5
1.5
1
3
-20
0.5
45.94
-0
180
-0
2
1.5
1
3
-19.89
0.5
28.01
-0
0
0
2
1.5
1
4
-58
9.7
-41.8
-0
90
-0
1
1
1
4
21.38
9.7
49.55
-0
270
-0
0.7
1
1
5
-25.83
0.5
22.79
-0
270
-0
1
1
1
5
-8.8
0.5
-15
-0
90
-0
1
1
1
5
1
0.5
47.65
-0
180
-0
1.5
1.5
1.5
5
-48.86
0.5
29.38
-0
0
0
1
1
1
6
-29.8
0.5
46.4
-0
180
-0
1
1
1
7
8.89
0.5
-4.28
-0
0
0
1.5
1.5
1.5
7
8.91
0.5
19.12
-0
180
-0
1.5
1.5
1.5
8
-7.36
0.5
28.55
-0
0
0
1
1
1.5
8
-43.3
0.5
47.59
-0
0
0
1
1
1.5
8
-52.8
0.5
-15.12
-0
0
0
0.8
1
1
8
9.07
0.5
28.6
-0
0
0
1
1
1.5
8
-49.53
0.5
-3.5
-0
0
0
0.8
1
1
8
-17.31
0.5
-4.89
-0
0
0
1
1
1.5
9
-17.9
0.5
-5.8
-0
180
-0
1
1
1
10
-17.9
0.5
-5.795
-0
180
-0
1
1
1
11
-17.9
0.5
-5.8
-0
180
-0
1
1
1
12
-17.9
0.5
-5.795
-0
180
-0
1
1
1
13
-17.9
0.5
-5.8
-0
180
-0
1
1
1
14
-17.85
0.5
-5.7999
-0
180
-0
1
1
1
